admin;123;1
DOC01;123;2
1234567890;123;3
1234567899;123;3
DOC001;1234;2
DOC002;1234;2
DOC003;1234;2
DOC004;1234;2
DOC005;1234;2
DOC006;1234;2
DOC007;1234;2
DOC008;1234;2
DOC009;1234;2
DOC010;1234;2
DOC011;1234;2
DOC012;1234;2
DOC013;1234;2
DOC014;1234;2
DOC015;1234;2
DOC016;1234;2
DOC017;1234;2
DOC018;1234;2
DOC019;1234;2
DOC020;1234;2
DOC021;1234;2
DOC022;1234;2
DOC023;1234;2
DOC024;1234;2
DOC025;1234;2
DOC026;1234;2
DOC027;1234;2
DOC028;1234;2
DOC029;1234;2
DOC030;1234;2
DOC031;1234;2
DOC032;1234;2
DOC033;1234;2
DOC034;1234;2
DOC035;1234;2
DOC036;1234;2
DOC037;1234;2
DOC038;1234;2
DOC039;1234;2
DOC040;1234;2
DOC041;1234;2
DOC042;1234;2
DOC043;1234;2
DOC044;1234;2
DOC045;1234;2
DOC046;1234;2
DOC047;1234;2
DOC048;1234;2
DOC049;1234;2
DOC050;1234;2
DOC051;1234;2
DOC052;1234;2
DOC053;1234;2
DOC054;1234;2
DOC055;1234;2
DOC056;1234;2
DOC057;1234;2
DOC058;1234;2
DOC059;1234;2
DOC060;1234;2
DOC061;1234;2
DOC062;1234;2
DOC063;1234;2
DOC064;1234;2
DOC065;1234;2
DOC066;1234;2
DOC067;1234;2
DOC068;1234;2
DOC069;1234;2
DOC070;1234;2
DOC071;1234;2
DOC072;1234;2
DOC073;1234;2
DOC074;1234;2
DOC075;1234;2
DOC076;1234;2
DOC077;1234;2
DOC078;1234;2
DOC079;1234;2
DOC080;1234;2
DOC081;1234;2
DOC082;1234;2
DOC083;1234;2
DOC084;1234;2
DOC085;1234;2
DOC086;1234;2
DOC087;1234;2
DOC088;1234;2
DOC089;1234;2
DOC090;1234;2
DOC091;1234;2
DOC092;1234;2
DOC093;1234;2
DOC094;1234;2
DOC095;1234;2
DOC096;1234;2
DOC097;1234;2
DOC098;1234;2
DOC099;1234;2
DOC100;1234;2
2345678901;1234;3
3456789012;1234;3
4567890123;1234;3
5678901234;1234;3
6789012345;1234;3
7890123456;1234;3
8901234567;1234;3
9012345678;1234;3
1122334455;1234;3
2233445566;1234;3
3344556677;1234;3
4455667788;1234;3
5566778899;1234;3
6677889900;1234;3
7788990011;1234;3
8899001122;1234;3
9900112233;1234;3
1011121314;1234;3
1213141516;1234;3
1314151617;1234;3
1415161718;1234;3
1516171819;1234;3
1617181920;1234;3
1718192021;1234;3
1819202122;1234;3
1920212223;1234;3
2021222324;1234;3
2122232425;1234;3
2223242526;1234;3
2324252627;1234;3
2425262728;1234;3
2526272829;1234;3
2627282930;1234;3
2728293031;1234;3
2829303132;1234;3
2930313233;1234;3
3031323334;1234;3
3132333435;1234;3
3233343536;1234;3
3334353637;1234;3
3435363738;1234;3
3536373839;1234;3
3637383940;1234;3
3738394041;1234;3
3839404142;1234;3
3940414243;1234;3
4041424344;1234;3
4142434445;1234;3
4243444546;1234;3
4344454647;1234;3
4445464748;1234;3
4546474849;1234;3
4647484950;1234;3
4748495051;1234;3
4849505152;1234;3
4950515253;1234;3
5051525354;1234;3
5152535455;1234;3
5253545556;1234;3
5354555657;1234;3
5455565758;1234;3
5556575859;1234;3
5657585960;1234;3
5758596061;1234;3
5859606162;1234;3
5960616263;1234;3
6061626364;1234;3
6162636465;1234;3
6263646566;1234;3
6364656667;1234;3
6465666768;1234;3
6566676869;1234;3
6667686970;1234;3
6768697071;1234;3
6869707172;1234;3
6970717273;1234;3
7071727374;1234;3
7172737475;1234;3
7273747576;1234;3
7374757677;1234;3
7475767778;1234;3
7576777879;1234;3
7677787980;1234;3
7778798081;1234;3
7879808182;1234;3
7980818283;1234;3
8081828384;1234;3
8182838485;1234;3
8283848586;1234;3
8384858687;1234;3
8485868788;1234;3
8586878889;1234;3
8687888990;1234;3
8788899001;1234;3
8889900112;1234;3
8990011223;1234;3
9001122334;1234;3
9112233445;1234;3
9223344556;1234;3
9334455667;1234;3
9445566778;1234;3
9556677889;1234;3
9667788990;1234;3
9778899001;1234;3
9889900112;1234;3
9990011223;1234;3
1001122334;1234;3
1012233445;1234;3
1023344556;1234;3
1034455667;1234;3
1045566778;1234;3
1056677889;1234;3
1067788990;1234;3
1078899001;1234;3
1089900112;1234;3
1090011223;1234;3
1101122334;1234;3
1112233445;1234;3
1123344556;1234;3
1134455667;1234;3
1145566778;1234;3
1156677889;1234;3
1167788990;1234;3
1178899001;1234;3
1189900112;1234;3
1190011223;1234;3
1201122334;1234;3
1212233445;1234;3
1223344556;1234;3
1234455667;1234;3
1245566778;1234;3
1256677889;1234;3
1267788990;1234;3
1278899001;1234;3
1289900112;1234;3
1290011223;1234;3
1301122334;1234;3
1312233445;1234;3
1323344556;1234;3
1334455667;1234;3
1345566778;1234;3
1356677889;1234;3
1367788990;1234;3
1378899001;1234;3
1389900112;1234;3
1390011223;1234;3
1401122334;1234;3
1412233445;1234;3
1423344556;1234;3
1434455667;1234;3
1445566778;1234;3
1456677889;1234;3
1467788990;1234;3
1478899001;1234;3
1489900112;1234;3
1490011223;1234;3
1501122334;1234;3
1512233445;1234;3
1523344556;1234;3
1534455667;1234;3
1545566778;1234;3
1556677889;1234;3
1567788990;1234;3
1578899001;1234;3
1589900112;1234;3
1590011223;1234;3
1601122334;1234;3
1612233445;1234;3
1623344556;1234;3
1634455667;1234;3
1645566778;1234;3
1656677889;1234;3
1667788990;1234;3
1678899001;1234;3
1689900112;1234;3
1690011223;1234;3
1701122334;1234;3
1712233445;1234;3
1723344556;1234;3
1734455667;1234;3
1745566778;1234;3
1756677889;1234;3
1767788990;1234;3
1778899001;1234;3
1789900112;1234;3
1790011223;1234;3
1801122334;1234;3
1812233445;1234;3
1823344556;1234;3
1834455667;1234;3
1845566778;1234;3
1856677889;1234;3
1867788990;1234;3
1878899001;1234;3
1889900112;1234;3
1890011223;1234;3
1901122334;1234;3
1912233445;1234;3
1923344556;1234;3
